[
	[ "O1" "O2" "T5" "P7" "P3" "Pz" "P4" "T6" "P8" "T3" "T7" "C3" "Cz" "C4" "T4" "T8" "F7" "F3" "Fz" "F4" "F8" "Fp1" "Fp2" "P5" "P1" "P2" "P6" "C5" "C1" "C2" "C6" "F5" "F1" "F2" "F6" "M1" "M2" "Oz" "POz" "CPz" "FCz" "FFz" "Fpz" "FC1" "FC2" "CP1" "CP2" "FC3" "FC4" "CP3" "CP4" "FT3" "FT4" "TP3" "TP4" "P'1" "P'2" "Nz" "I1" "Iz" "I2" "FF3" "TP5" "OT5" "IT1" "IT2" "IP1" "IPz" "IP2" "M'1" "M'2" "TP7" "TP8" "Nez" "F3z" "F4z" "AF3" "AF4" "FC5" "FC6" ]
	["x" "y" "z" ]
]
[
	[-0.309017 -0.951057 4.48966e-011 ]
]
[
	[0.309017 -0.951057 4.48966e-011 ]
]
[
	[-0.809017 -0.587785 4.48966e-011 ]
]
[
	[-0.809017 -0.587785 4.48966e-011 ]
]
[
	[-0.651157 -0.609342 0.452435 ]
]
[
	[-9.52401e-011 -0.707107 0.707107 ]
]
[
	[0.651157 -0.609342 0.452435 ]
]
[
	[0.809017 -0.587785 4.48966e-011 ]
]
[
	[0.809017 -0.587785 4.48966e-011 ]
]
[
	[-1 8.97932e-011 4.48966e-011 ]
]
[
	[-1 8.97932e-011 4.48966e-011 ]
]
[
	[-0.707107 6.34934e-011 0.707107 ]
]
[
	[0 0 1 ]
]
[
	[0.707107 0 0.707107 ]
]
[
	[1 0 4.48966e-011 ]
]
[
	[1 0 4.48966e-011 ]
]
[
	[-0.809017 0.587785 4.48966e-011 ]
]
[
	[-0.651157 0.609342 0.452435 ]
]
[
	[3.17467e-011 0.707107 0.707107 ]
]
[
	[0.651157 0.609342 0.452435 ]
]
[
	[0.809017 0.587785 4.48966e-011 ]
]
[
	[-0.309017 0.951057 4.48966e-011 ]
]
[
	[0.309017 0.951057 4.48966e-011 ]
]
[
	[-0.752459 -0.615881 0.233445 ]
]
[
	[-0.347712 -0.703541 0.619779 ]
]
[
	[0.347712 -0.703541 0.619779 ]
]
[
	[0.752459 -0.615881 0.233445 ]
]
[
	[-0.92388 8.29581e-011 0.382683 ]
]
[
	[-0.382683 3.43624e-011 0.92388 ]
]
[
	[0.382683 0 0.92388 ]
]
[
	[0.92388 0 0.382683 ]
]
[
	[-0.752459 0.615881 0.233445 ]
]
[
	[-0.347712 0.703541 0.619779 ]
]
[
	[0.347712 0.703541 0.619779 ]
]
[
	[0.752459 0.615881 0.233445 ]
]
[
	[-0.704166 -0.504133 -0.5 ]
]
[
	[0.704166 -0.504133 -0.5 ]
]
[
	[-1.3469e-010 -1 4.48966e-011 ]
]
[
	[-1.24437e-010 -0.92388 0.382683 ]
]
[
	[-5.15435e-011 -0.382683 0.92388 ]
]
[
	[1.71812e-011 0.382683 0.92388 ]
]
[
	[4.1479e-011 0.92388 0.382683 ]
]
[
	[4.48966e-011 1 4.48966e-011 ]
]
[
	[-0.381509 0.35701 0.85264 ]
]
[
	[0.381509 0.35701 0.85264 ]
]
[
	[-0.381509 -0.35701 0.85264 ]
]
[
	[0.381509 -0.35701 0.85264 ]
]
[
	[-0.719739 0.323464 0.614285 ]
]
[
	[0.719739 0.323464 0.614285 ]
]
[
	[-0.719739 -0.323464 0.614285 ]
]
[
	[0.719739 -0.323464 0.614285 ]
]
[
	[-0.908423 0.336036 0.24869 ]
]
[
	[0.908423 0.336036 0.24869 ]
]
[
	[-0.908423 -0.336036 0.24869 ]
]
[
	[0.908423 -0.336036 0.24869 ]
]
[
	[-0.378421 -0.691201 0.615661 ]
]
[
	[0.378421 -0.691201 0.615661 ]
]
[
	[4.1479e-011 0.92388 -0.382683 ]
]
[
	[-0.504133 -0.704166 -0.5 ]
]
[
	[-1.24437e-010 -0.92388 -0.382683 ]
]
[
	[0.504133 -0.704166 -0.5 ]
]
[
	[-0.391219 0.38311 0.836764 ]
]
[
	[-0.854997 -0.331631 0.398749 ]
]
[
	[-0.46117 -0.860079 0.218143 ]
]
[
	[-0.46117 -0.860079 -0.218143 ]
]
[
	[0.46117 -0.860079 -0.218143 ]
]
[
	[-0.390388 -0.919697 0.0418757 ]
]
[
	[-1.32125e-010 -0.980955 0.194234 ]
]
[
	[0.390388 -0.919697 0.0418757 ]
]
[
	[-0.887454 -0.376702 -0.265556 ]
]
[
	[0.887454 -0.376702 -0.265556 ]
]
[
	[-0.951057 -0.309017 4.48966e-011 ]
]
[
	[0.951057 -0.309017 4.48966e-011 ]
]
[
	[3.96045e-011 0.882127 -0.471012 ]
]
[
	[-0.349374 0.823073 0.447759 ]
]
[
	[0.349374 0.823073 0.447759 ]
]
[
	[-0.37559 0.88485 0.27564 ]
]
[
	[0.37559 0.88485 0.27564 ]
]
[
	[-0.87203 0.33729 0.35467 ]
]
[
	[0.87203 0.33729 0.35467 ]
]